t F
0.000000000000000000e+00 9.999999999999997780e-01
7.537688442211054607e-02 9.943263905586947615e-01
1.507537688442210921e-01 9.774021012850249157e-01
2.261306532663316382e-01 9.495149243005956974e-01
3.015075376884421843e-01 9.111384659362893323e-01
3.768844221105527303e-01 8.629232019735989523e-01
4.522613065326632764e-01 8.056842044334509012e-01
5.276381909547738225e-01 7.403857832429900920e-01
6.030150753768843686e-01 6.681233470332241797e-01
6.783919597989949146e-01 5.901028420393344964e-01
7.537688442211054607e-01 5.076181754802475687e-01
8.291457286432160068e-01 4.220270689259278951e-01
9.045226130653265528e-01 3.347258172327163828e-01
9.798994974874370989e-01 2.471234490396781447e-01
1.055276381909547645e+00 1.606157951732140876e-01
1.130653266331658191e+00 7.655997141216323854e-02
1.206030150753768737e+00 3.750228057850523832e-03
1.281407035175879283e+00 7.910755029211090361e-02
1.356783919597989829e+00 1.484126698066496608e-01
1.432160804020100375e+00 2.106933334438026439e-01
1.507537688442210921e+00 2.651209026682901926e-01
1.582914572864321467e+00 3.110239859153136055e-01
1.658291457286432014e+00 3.478989134475173883e-01
1.733668341708542560e+00 3.754168717641363506e-01
1.809045226130653106e+00 3.934275826012756938e-01
1.884422110552763652e+00 4.019594815589229153e-01
1.959798994974874198e+00 4.012164219431668677e-01
2.035175879396984744e+00 3.915709990699396958e-01
2.110552763819095290e+00 3.735546576121933637e-01
2.185929648241205836e+00 3.478448082118860141e-01
2.261306532663316382e+00 3.152492382300351448e-01
2.336683417085426928e+00 2.766881539894478492e-01
2.412060301507537474e+00 2.331742371259054036e-01
2.487437185929648020e+00 1.857911348095079296e-01
2.562814070351758566e+00 1.356708319060344337e-01
2.638190954773869112e+00 8.397037208347503390e-02
2.713567839195979658e+00 3.184840409351741286e-02
2.788944723618090205e+00 1.955797116191798288e-02
2.864321608040200751e+00 6.915558756112648309e-02
2.939698492462311297e+00 1.159163893611810658e-01
3.015075376884421843e+00 1.588969790497892220e-01
3.090452261306532389e+00 1.972561583166407839e-01
3.165829145728642935e+00 2.302701278292692555e-01
3.241206030150753481e+00 2.573450628729608280e-01
3.316582914572864027e+00 2.780268387307850420e-01
3.391959798994974573e+00 2.920077407171604023e-01
3.467336683417085119e+00 2.991300577342033140e-01
3.542713567839195665e+00 2.993865237385742173e-01
3.618090452261306211e+00 2.929176372074036583e-01
3.693467336683416757e+00 2.800059531995177098e-01
3.768844221105527303e+00 2.610675045807786532e-01
3.844221105527637850e+00 2.366405671398750798e-01
3.919597989949748396e+00 2.073720364719515707e-01
3.994974874371858942e+00 1.740017315739564308e-01
4.070351758793969488e+00 1.373449801346887933e-01
4.145728643216079590e+00 9.827387272630119797e-02
4.221105527638190580e+00 5.769759689463725694e-02
4.296482412060301570e+00 1.654227706815433394e-02
4.371859296482411672e+00 2.426924798533275016e-02
4.447236180904521774e+00 6.383728177804835757e-02
4.522613065326632764e+00 1.013043447930521701e-01
4.597989949748743754e+00 1.358730722960964921e-01
4.673366834170853856e+00 1.668225695387865193e-01
4.748743718592963958e+00 1.935228953233858462e-01
4.824120603015074948e+00 2.154473882382208216e-01
4.899497487437185939e+00 2.321825988738874802e-01
4.974874371859296041e+00 2.434356449045289028e-01
5.050251256281406143e+00 2.490388628863628440e-01
5.125628140703517133e+00 2.489516897444204180e-01
5.201005025125628123e+00 2.432597669084740621e-01
5.276381909547738225e+00 2.321713196315272343e-01
5.351758793969848327e+00 2.160109219087492094e-01
5.427135678391959317e+00 1.952108123865927414e-01
5.502512562814070307e+00 1.702999775578615538e-01
5.577889447236180409e+00 1.418912643213394442e-01
5.653266331658290511e+00 1.106668237047425535e-01
5.728643216080401501e+00 7.736222040494460106e-02
5.804020100502512491e+00 4.274956814101543018e-02
5.879396984924622593e+00 7.620068161353409607e-03
5.954773869346732695e+00 2.723366271024509760e-02
6.030150753768843686e+00 6.103508748879486745e-02
6.105527638190954676e+00 9.304068865605123750e-02
6.180904522613064778e+00 1.225559886426728640e-01
6.256281407035174880e+00 1.489503114137246120e-01
6.331658291457285870e+00 1.716699761619004949e-01
6.407035175879396860e+00 1.902496512897290937e-01
6.482412060301506962e+00 2.043216396019306158e-01
6.557788944723617064e+00 2.136229129596208254e-01
6.633165829145728054e+00 2.179997655046149452e-01
6.708542713567839044e+00 2.174100078115910883e-01
6.783919597989949146e+00 2.119226787920409361e-01
6.859296482412059248e+00 2.017153066626730107e-01
6.934673366834170238e+00 1.870688036168238755e-01
7.010050251256281229e+00 1.683601298490101372e-01
7.085427135678391330e+00 1.460529101876280322e-01
7.160804020100501432e+00 1.206862297787508059e-01
7.236180904522612423e+00 9.286187312850968656e-02
7.311557788944723413e+00 6.323030256886634504e-02
7.386934673366833515e+00 3.247569721678274929e-02
7.462311557788943617e+00 1.300391257120586458e-03
7.537688442211054607e+00 2.959093943615142414e-02
7.613065326633165597e+00 5.950699088081760901e-02
7.688442211055275699e+00 8.778509859691553674e-02
7.763819095477385801e+00 1.138057259177207292e-01
7.839195979899496791e+00 1.370058597315381710e-01
7.914572864321607781e+00 1.568910271646370980e-01
7.989949748743717883e+00 1.730456795773029077e-01
8.065326633165827985e+00 1.851417284204018576e-01
8.140703517587938975e+00 1.929450601105063834e-01
8.216080402010049966e+00 1.963199031577674281e-01
8.291457286432159179e+00 1.952309692835516586e-01
8.366834170854270170e+00 1.897433401097228800e-01
8.442211055276381160e+00 1.800201210816991804e-01
8.517587939698492150e+00 1.663179334991943814e-01
8.592964824120603140e+00 1.489803627946210685e-01
8.668341708542712354e+00 1.284295254926752783e-01
8.743718592964823344e+00 1.051559576511934130e-01
8.819095477386934334e+00 7.970706316165425409e-02
8.894472361809043548e+00 5.267439032753620104e-02
8.969849246231154538e+00 2.468002901732409965e-02
9.045226130653265528e+00 3.637562076843902335e-03
9.120603015075376518e+00 3.163797828719368960e-02
9.195979899497487509e+00 5.869321903533437912e-02
9.271356783919596722e+00 8.420164629548353152e-02
9.346733668341707713e+00 1.076012437406046601e-01
9.422110552763818703e+00 1.283818866977242956e-01
9.497487437185927917e+00 1.460963571769861857e-01
9.572864321608038907e+00 1.603698680964694978e-01
9.648241206030149897e+00 1.709078957012965805e-01
9.723618090452260887e+00 1.775021582647019480e-01
9.798994974874371877e+00 1.800346215660343641e-01
9.874371859296481091e+00 1.784794564042603837e-01
9.949748743718592081e+00 1.729029195174935918e-01
1.002512562814070307e+01 1.634611757080830785e-01
1.010050251256281229e+01 1.503961246872332347e-01
1.017587939698492328e+01 1.340293401436152554e-01
1.025125628140703427e+01 1.147542698422469865e-01
1.032663316582914526e+01 9.302688327396928247e-02
1.040201005025125625e+01 6.935498668818097789e-02
1.047738693467336546e+01 4.428645354086406527e-02
1.055276381909547645e+01 1.839664088279826734e-02
1.062814070351758744e+01 7.724721463889721272e-03
1.070351758793969665e+01 3.348687226270726652e-02
1.077889447236180764e+01 5.831129091564836442e-02
1.085427135678391863e+01 8.164460391361995362e-02
1.092964824120602962e+01 1.029708395035618396e-01
1.100502512562814061e+01 1.218227608208748008e-01
1.108040201005024983e+01 1.377920300726045433e-01
1.115577889447236082e+01 1.505379840675241110e-01
1.123115577889447181e+01 1.597948338238879828e-01
1.130653266331658102e+01 1.653771373933803079e-01
1.138190954773869201e+01 1.671834345855718329e-01
1.145728643216080300e+01 1.651979740613529757e-01
1.153266331658291399e+01 1.594905063419153890e-01
1.160804020100502498e+01 1.502141596842614391e-01
1.168341708542713420e+01 1.376014585356264142e-01
1.175879396984924519e+01 1.219585854481167742e-01
1.183417085427135618e+01 1.036580260028599210e-01
1.190954773869346539e+01 8.312977161217367794e-02
1.198492462311557638e+01 6.085128627066273277e-02
1.206030150753768737e+01 3.733646973931927654e-02
1.213567839195979836e+01 1.312387070896778134e-02
1.221105527638190935e+01 1.123558123845449890e-02
1.228643216080401857e+01 3.519104687828263772e-02
1.236180904522612956e+01 5.820417090279629557e-02
1.243718592964824055e+01 7.976112028552324873e-02
1.251256281407034976e+01 9.938399952180729247e-02
1.258793969849246075e+01 1.166413903333138880e-01
1.266331658291457174e+01 1.311577844984942731e-01
1.273869346733668273e+01 1.426217046018854462e-01
1.281407035175879372e+01 1.507923380706719108e-01
1.288944723618090293e+01 1.555045441795149808e-01
1.296482412060301392e+01 1.566721309667812867e-01
1.304020100502512491e+01 1.542893383679752872e-01
1.311557788944723413e+01 1.484305044438389010e-01
1.319095477386934512e+01 1.392479324475016378e-01
1.326633165829145611e+01 1.269680167215970767e-01
1.334170854271356710e+01 1.118857241454204593e-01
1.341708542713567809e+01 9.435756420566528135e-02
1.349246231155778730e+01 7.479321394108927323e-02
1.356783919597989829e+01 5.364599328595397176e-02
1.364321608040200928e+01 3.140241107440807505e-02
1.371859296482411850e+01 8.571021638153764055e-03
1.379396984924622949e+01 1.432915388154048716e-02
1.386934673366834048e+01 3.678037896827519859e-02
1.394472361809045147e+01 5.827786088384619839e-02
1.402010050251256246e+01 7.834105597947869926e-02
1.409547738693467167e+01 9.652436891779161976e-02
1.417085427135678266e+01 1.124270084809732423e-01
1.424623115577889365e+01 1.257017828097000967e-01
1.432160804020100286e+01 1.360626418545257399e-01
1.439698492462311386e+01 1.432908039441768977e-01
1.447236180904522485e+01 1.472393360100881787e-01
1.454773869346733584e+01 1.478360924046254188e-01
1.462311557788944683e+01 1.450849546048650629e-01
1.469849246231155604e+01 1.390653525574063465e-01
1.477386934673366703e+01 1.299300871248547928e-01
1.484924623115577802e+01 1.179015111721558318e-01
1.492462311557788723e+01 1.032661634301754450e-01
1.500000000000000000e+01 8.636798358103975337e-02
