t F
0.000000000000000000e+00 9.999999999999997780e-01
7.537688442211054607e-02 9.943263905586947615e-01
1.507537688442210921e-01 9.774021012850249157e-01
2.261306532663316382e-01 9.495149243005956974e-01
3.015075376884421843e-01 9.111384659362893323e-01
3.768844221105527303e-01 8.629232019735989523e-01
4.522613065326632764e-01 8.056842044334509012e-01
5.276381909547738225e-01 7.403857832429900920e-01
6.030150753768843686e-01 6.681233470332241797e-01
6.783919597989949146e-01 5.901028420393344964e-01
7.537688442211054607e-01 5.076181754802476798e-01
8.291457286432160068e-01 4.220270689259278951e-01
9.045226130653265528e-01 3.347258172327163828e-01
9.798994974874370989e-01 2.471234490396781447e-01
1.055276381909547645e+00 1.606157951732140876e-01
1.130653266331658191e+00 7.655997141216323854e-02
1.206030150753768737e+00 3.750228057850523832e-03
1.281407035175879283e+00 7.910755029211090361e-02
1.356783919597989829e+00 1.484126698066496608e-01
1.432160804020100375e+00 2.106933334438026439e-01
1.507537688442210921e+00 2.651209026682901926e-01
1.582914572864321467e+00 3.110239859153136055e-01
1.658291457286432014e+00 3.478989134475173883e-01
1.733668341708542560e+00 3.754168717641363506e-01
1.809045226130653106e+00 3.934275826012756938e-01
1.884422110552763652e+00 4.019594815589229153e-01
1.959798994974874198e+00 4.012164219431669232e-01
2.035175879396984744e+00 3.915709990699396958e-01
2.110552763819095290e+00 3.735546576121933637e-01
2.185929648241205836e+00 3.478448082118860141e-01
2.261306532663316382e+00 3.152492382300351448e-01
2.336683417085426928e+00 2.766881539894478492e-01
2.412060301507537474e+00 2.331742371259054036e-01
2.487437185929648020e+00 1.857911348095079296e-01
2.562814070351758566e+00 1.356708319060344337e-01
2.638190954773869112e+00 8.397037208347503390e-02
2.713567839195979658e+00 3.184840409351740592e-02
2.788944723618090205e+00 1.955797116191798288e-02
2.864321608040200751e+00 6.915558756112648309e-02
2.939698492462311297e+00 1.159163893611810797e-01
3.015075376884421843e+00 1.588969790497892220e-01
3.090452261306532389e+00 1.972561583166407839e-01
3.165829145728642935e+00 2.302701278292692832e-01
3.241206030150753481e+00 2.573450628729608280e-01
3.316582914572864027e+00 2.780268387307850420e-01
3.391959798994974573e+00 2.920077407171604023e-01
3.467336683417085119e+00 2.991300577342032585e-01
3.542713567839195665e+00 2.993865237385742728e-01
3.618090452261306211e+00 2.929176372074036583e-01
3.693467336683416757e+00 2.800059531995176543e-01
3.768844221105527303e+00 2.610675045807786532e-01
3.844221105527637850e+00 2.366405671398751076e-01
3.919597989949748396e+00 2.073720364719515985e-01
3.994974874371858942e+00 1.740017315739565140e-01
4.070351758793969488e+00 1.373449801346889321e-01
4.145728643216079590e+00 9.827387272630146164e-02
4.221105527638190580e+00 5.769759689463770796e-02
4.296482412060301570e+00 1.654227706815512150e-02
4.371859296482411672e+00 2.426924798533140401e-02
4.447236180904521774e+00 6.383728177804608162e-02
4.522613065326632764e+00 1.013043447930483676e-01
4.597989949748743754e+00 1.358730722960901638e-01
4.673366834170853856e+00 1.668225695387760832e-01
4.748743718592963958e+00 1.935228953233688043e-01
4.824120603015074948e+00 2.154473882381932048e-01
4.899497487437185939e+00 2.321825988738432101e-01
4.974874371859296041e+00 2.434356449044583759e-01
5.050251256281406143e+00 2.490388628862513221e-01
5.125628140703517133e+00 2.489516897442455301e-01
5.201005025125628123e+00 2.432597669082016689e-01
5.276381909547738225e+00 2.321713196311059879e-01
5.351758793969848327e+00 2.160109219081023102e-01
5.427135678391959317e+00 1.952108123856059474e-01
5.502512562814070307e+00 1.702999775563660834e-01
5.577889447236180409e+00 1.418912643190875511e-01
5.653266331658290511e+00 1.106668237013726380e-01
5.728643216080401501e+00 7.736222039993208288e-02
5.804020100502512491e+00 4.274956813360363678e-02
5.879396984924622593e+00 7.620068150457019046e-03
5.954773869346732695e+00 2.723366272617424449e-02
6.030150753768843686e+00 6.103508751195334953e-02
6.105527638190954676e+00 9.304068868953931093e-02
6.180904522613064778e+00 1.225559886908438867e-01
6.256281407035174880e+00 1.489503114826608299e-01
6.331658291457285870e+00 1.716699762600582269e-01
6.407035175879396860e+00 1.902496514288089524e-01
6.482412060301506962e+00 2.043216397980462395e-01
6.557788944723617064e+00 2.136229132348612114e-01
6.633165829145728054e+00 2.179997658891241752e-01
6.708542713567839044e+00 2.174100083463240962e-01
6.783919597989949146e+00 2.119226795323998491e-01
6.859296482412059248e+00 2.017153076832858827e-01
6.934673366834170238e+00 1.870688050177978790e-01
7.010050251256281229e+00 1.683601317640825157e-01
7.085427135678391330e+00 1.460529127947475247e-01
7.160804020100501432e+00 1.206862333137614929e-01
7.236180904522612423e+00 9.286187790277919407e-02
7.311557788944723413e+00 6.323030899190965060e-02
7.386934673366833515e+00 3.247570582519013899e-02
7.462311557788943617e+00 1.300402751411535622e-03
7.537688442211054607e+00 2.959092414474514751e-02
7.613065326633165597e+00 5.950697061117416614e-02
7.688442211055275699e+00 8.778507182342712434e-02
7.763819095477385801e+00 1.138056906765850251e-01
7.839195979899496791e+00 1.370058135034377955e-01
7.914572864321607781e+00 1.568909667283474030e-01
7.989949748743717883e+00 1.730456008276245183e-01
8.065326633165827985e+00 1.851416261424587983e-01
8.140703517587938975e+00 1.929449277008484787e-01
8.216080402010049966e+00 1.963197322808291623e-01
8.291457286432159179e+00 1.952307494498058404e-01
8.366834170854270170e+00 1.897430581592803034e-01
8.442211055276381160e+00 1.800197605540884149e-01
8.517587939698492150e+00 1.663174738665560148e-01
8.592964824120603140e+00 1.489797785314980749e-01
8.668341708542712354e+00 1.284287849509115065e-01
8.743718592964823344e+00 1.051550217030846474e-01
8.819095477386934334e+00 7.970588356835317523e-02
8.894472361809043548e+00 5.267290778270294904e-02
8.969849246231154538e+00 2.467817080804772176e-02
9.045226130653265528e+00 3.639884858851560098e-03
9.120603015075376518e+00 3.164087406131226715e-02
9.195979899497487509e+00 5.869681966328582634e-02
9.271356783919596722e+00 8.420611172956943280e-02
9.346733668341707713e+00 1.076067675046861738e-01
9.422110552763818703e+00 1.283887023325999133e-01
9.497487437185927917e+00 1.461047457994229526e-01
9.572864321608038907e+00 1.603801672405459899e-01
9.648241206030149897e+00 1.709205096320168538e-01
9.723618090452260887e+00 1.775175699771207871e-01
9.798994974874371877e+00 1.800534067084684497e-01
9.874371859296481091e+00 1.785022993915953426e-01
9.949748743718592081e+00 1.729306321301663507e-01
1.002512562814070307e+01 1.634947185040205031e-01
1.010050251256281229e+01 1.504366315878345461e-01
1.017587939698492328e+01 1.340781465907057435e-01
1.025125628140703427e+01 1.148129449606913044e-01
1.032663316582914526e+01 9.309726651415270449e-02
1.040201005025125625e+01 6.943922946362240944e-02
1.047738693467336546e+01 4.438706641853380763e-02
1.055276381909547645e+01 1.851654692692073639e-02
1.062814070351758744e+01 7.582126550095652853e-03
1.070351758793969665e+01 3.331765250927516686e-02
1.077889447236180764e+01 5.811089424105768397e-02
1.085427135678391863e+01 8.140777729028915444e-02
1.092964824120602962e+01 1.026915343215518556e-01
1.100502512562814061e+01 1.214940276013438264e-01
1.108040201005024983e+01 1.374059016502784392e-01
1.115577889447236082e+01 1.500853463343914951e-01
1.123115577889447181e+01 1.592652831057395357e-01
1.130653266331658102e+01 1.647588235180371397e-01
1.138190954773869201e+01 1.664628886981517064e-01
1.145728643216080300e+01 1.643599202492627975e-01
1.153266331658291399e+01 1.585176561520913463e-01
1.160804020100502498e+01 1.490869886492419694e-01
1.168341708542713420e+01 1.362979638751418698e-01
1.175879396984924519e+01 1.204540241808738366e-01
1.183417085427135618e+01 1.019246327909776734e-01
1.190954773869346539e+01 8.113645577018430144e-02
1.198492462311557638e+01 5.856330750400453450e-02
1.206030150753768737e+01 3.471509233564090691e-02
1.213567839195979836e+01 1.012599609106916258e-02
1.221105527638190935e+01 1.465780347498799041e-02
1.228643216080401857e+01 3.909062907530137104e-02
1.236180904522612956e+01 6.263971795442332957e-02
1.243718592964824055e+01 8.479727980622646377e-02
1.251256281407034976e+01 1.050919302751787826e-01
1.258793969849246075e+01 1.230992472545958255e-01
1.266331658291457174e+01 1.384512182363112631e-01
1.273869346733668273e+01 1.508443730645353531e-01
1.281407035175879372e+01 1.600464269908402903e-01
1.288944723618090293e+01 1.659012932101527338e-01
1.296482412060301392e+01 1.683323612924921830e-01
1.304020100502512491e+01 1.673439772636726997e-01
1.311557788944723413e+01 1.630211016394422507e-01
1.319095477386934512e+01 1.555271625686238390e-01
1.326633165829145611e+01 1.451001614769031056e-01
1.334170854271356710e+01 1.320471273278140123e-01
1.341708542713567809e+01 1.167370519737271350e-01
1.349246231155778730e+01 9.959247225714200347e-02
1.356783919597989829e+01 8.107989381647859317e-02
1.364321608040200928e+01 6.169927631682124713e-02
1.371859296482411850e+01 4.197281953547618571e-02
1.379396984924622949e+01 2.243330397117392766e-02
1.386934673366834048e+01 3.612248125798123415e-03
1.394472361809045147e+01 1.397185283001508432e-02
1.402010050251256246e+01 2.982494567588658482e-02
1.409547738693467167e+01 4.348824292789522927e-02
1.417085427135678266e+01 5.454821448439819975e-02
1.424623115577889365e+01 6.264552986705071436e-02
1.432160804020100286e+01 6.748275859099767127e-02
1.439698492462311386e+01 6.883066516962284276e-02
1.447236180904522485e+01 6.653296773099189043e-02
1.454773869346733584e+01 6.050946444708561744e-02
1.462311557788944683e+01 5.075746914730581288e-02
1.469849246231155604e+01 3.735153575880933996e-02
1.477386934673366703e+01 2.044148972197533734e-02
1.484924623115577802e+01 2.488224025186551772e-04
1.492462311557788723e+01 2.293845908616578763e-02
1.500000000000000000e+01 4.877240013713218109e-02
