t F
0.000000000000000000e+00 9.999999999999997780e-01
7.537688442211054607e-02 9.943263905586947615e-01
1.507537688442210921e-01 9.774021012850249157e-01
2.261306532663316382e-01 9.495149243005956974e-01
3.015075376884421843e-01 9.111384659362893323e-01
3.768844221105527303e-01 8.629232019735989523e-01
4.522613065326632764e-01 8.056842044334509012e-01
5.276381909547738225e-01 7.403857832429900920e-01
6.030150753768843686e-01 6.681233470332241797e-01
6.783919597989949146e-01 5.901028420393344964e-01
7.537688442211054607e-01 5.076181754802475687e-01
8.291457286432160068e-01 4.220270689259278951e-01
9.045226130653265528e-01 3.347258172327163828e-01
9.798994974874370989e-01 2.471234490396781447e-01
1.055276381909547645e+00 1.606157951732140876e-01
1.130653266331658191e+00 7.655997141216323854e-02
1.206030150753768737e+00 3.750228057850523832e-03
1.281407035175879283e+00 7.910755029211068157e-02
1.356783919597989829e+00 1.484126698066496608e-01
1.432160804020100375e+00 2.106933334438026439e-01
1.507537688442210921e+00 2.651209026682901926e-01
1.582914572864321467e+00 3.110239859153136055e-01
1.658291457286432014e+00 3.478989134475173883e-01
1.733668341708542560e+00 3.754168717641363506e-01
1.809045226130653106e+00 3.934275826012758048e-01
1.884422110552763652e+00 4.019594815589229153e-01
1.959798994974874198e+00 4.012164219431668677e-01
2.035175879396984744e+00 3.915709990699396958e-01
2.110552763819095290e+00 3.735546576121932527e-01
2.185929648241205836e+00 3.478448082118860141e-01
2.261306532663316382e+00 3.152492382300351448e-01
2.336683417085426928e+00 2.766881539894478492e-01
2.412060301507537474e+00 2.331742371259054036e-01
2.487437185929648020e+00 1.857911348095077630e-01
2.562814070351758566e+00 1.356708319060346002e-01
2.638190954773869112e+00 8.397037208347503390e-02
2.713567839195979658e+00 3.184840409351741286e-02
2.788944723618090205e+00 1.955797116191798288e-02
2.864321608040200751e+00 6.915558756112645533e-02
2.939698492462311297e+00 1.159163893611810103e-01
3.015075376884421843e+00 1.588969790497891665e-01
3.090452261306532389e+00 1.972561583166407839e-01
3.165829145728642935e+00 2.302701278292692555e-01
3.241206030150753481e+00 2.573450628729608280e-01
3.316582914572864027e+00 2.780268387307851530e-01
3.391959798994974573e+00 2.920077407171604023e-01
3.467336683417085119e+00 2.991300577342032585e-01
3.542713567839195665e+00 2.993865237385743283e-01
3.618090452261306211e+00 2.929176372074038248e-01
3.693467336683416757e+00 2.800059531995176543e-01
3.768844221105527303e+00 2.610675045807788752e-01
3.844221105527637850e+00 2.366405671398750798e-01
3.919597989949748396e+00 2.073720364719516263e-01
3.994974874371858942e+00 1.740017315739563197e-01
4.070351758793969488e+00 1.373449801346889321e-01
4.145728643216079590e+00 9.827387272630128123e-02
4.221105527638190580e+00 5.769759689463770103e-02
4.296482412060301570e+00 1.654227706815508334e-02
4.371859296482411672e+00 2.426924798533130687e-02
4.447236180904521774e+00 6.383728177804585957e-02
4.522613065326632764e+00 1.013043447930483121e-01
4.597989949748743754e+00 1.358730722960901638e-01
4.673366834170853856e+00 1.668225695387761387e-01
4.748743718592963958e+00 1.935228953233690263e-01
4.824120603015074948e+00 2.154473882381932603e-01
4.899497487437185939e+00 2.321825988738431545e-01
4.974874371859296041e+00 2.434356449044584592e-01
5.050251256281406143e+00 2.490388628862511833e-01
5.125628140703517133e+00 2.489516897442454468e-01
5.201005025125628123e+00 2.432597669082016689e-01
5.276381909547738225e+00 2.321713196311060434e-01
5.351758793969848327e+00 2.160109219081024212e-01
5.427135678391959317e+00 1.952108123856061139e-01
5.502512562814070307e+00 1.702999775563661666e-01
5.577889447236180409e+00 1.418912643190876066e-01
5.653266331658290511e+00 1.106668237013725686e-01
5.728643216080401501e+00 7.736222039993202737e-02
5.804020100502512491e+00 4.274956813360372004e-02
5.879396984924622593e+00 7.620068150457346041e-03
5.954773869346732695e+00 2.723366272617432776e-02
6.030150753768843686e+00 6.103508751195334953e-02
6.105527638190954676e+00 9.304068868953917215e-02
6.180904522613064778e+00 1.225559886908439422e-01
6.256281407035174880e+00 1.489503114826606911e-01
6.331658291457285870e+00 1.716699762600585877e-01
6.407035175879396860e+00 1.902496514288092855e-01
6.482412060301506962e+00 2.043216397980464061e-01
6.557788944723617064e+00 2.136229132348613780e-01
6.633165829145728054e+00 2.179997658891242307e-01
6.708542713567839044e+00 2.174100083463241795e-01
6.783919597989949146e+00 2.119226795323999324e-01
6.859296482412059248e+00 2.017153076832859104e-01
6.934673366834170238e+00 1.870688050177978512e-01
7.010050251256281229e+00 1.683601317640825712e-01
7.085427135678391330e+00 1.460529127947476358e-01
7.160804020100501432e+00 1.206862333137615484e-01
7.236180904522612423e+00 9.286187790277955489e-02
7.311557788944723413e+00 6.323030899190962284e-02
7.386934673366833515e+00 3.247570582519027776e-02
7.462311557788943617e+00 1.300402751411757884e-03
7.537688442211054607e+00 2.959092414474471383e-02
7.613065326633165597e+00 5.950697061117390940e-02
7.688442211055275699e+00 8.778507182342701332e-02
7.763819095477385801e+00 1.138056906765849002e-01
7.839195979899496791e+00 1.370058135034378788e-01
7.914572864321607781e+00 1.568909667283473475e-01
7.989949748743717883e+00 1.730456008276245461e-01
8.065326633165827985e+00 1.851416261424586596e-01
8.140703517587938975e+00 1.929449277008486729e-01
8.216080402010049966e+00 1.963197322808291345e-01
8.291457286432159179e+00 1.952307494498058404e-01
8.366834170854270170e+00 1.897430581592800258e-01
8.442211055276381160e+00 1.800197605540884149e-01
8.517587939698492150e+00 1.663174738665561814e-01
8.592964824120603140e+00 1.489797785314980749e-01
8.668341708542712354e+00 1.284287849509114232e-01
8.743718592964823344e+00 1.051550217030845780e-01
8.819095477386934334e+00 7.970588356835324462e-02
8.894472361809043548e+00 5.267290778270271312e-02
8.969849246231154538e+00 2.467817080804772870e-02
9.045226130653265528e+00 3.639884858851725330e-03
9.120603015075376518e+00 3.164087406131266267e-02
9.195979899497487509e+00 5.869681966328602063e-02
9.271356783919596722e+00 8.420611172956955770e-02
9.346733668341707713e+00 1.076067675046861877e-01
9.422110552763818703e+00 1.283887023326002186e-01
9.497487437185927917e+00 1.461047457994230636e-01
9.572864321608038907e+00 1.603801672405456014e-01
9.648241206030149897e+00 1.709205096320167427e-01
9.723618090452260887e+00 1.775175699771208426e-01
9.798994974874371877e+00 1.800534067084684220e-01
9.874371859296481091e+00 1.785022993915951761e-01
9.949748743718592081e+00 1.729306321301664617e-01
1.002512562814070307e+01 1.634947185040201978e-01
1.010050251256281229e+01 1.504366315878344629e-01
1.017587939698492328e+01 1.340781465907055492e-01
1.025125628140703427e+01 1.148129449606912766e-01
1.032663316582914526e+01 9.309726651415298204e-02
1.040201005025125625e+01 6.943922946362267312e-02
1.047738693467336546e+01 4.438706641853395335e-02
1.055276381909547645e+01 1.851654692692083701e-02
1.062814070351758744e+01 7.582126550095603414e-03
1.070351758793969665e+01 3.331765250927498645e-02
1.077889447236180764e+01 5.811089424105769785e-02
1.085427135678391863e+01 8.140777729028911280e-02
1.092964824120602962e+01 1.026915343215519805e-01
1.100502512562814061e+01 1.214940276013436182e-01
1.108040201005024983e+01 1.374059016502783281e-01
1.115577889447236082e+01 1.500853463343916616e-01
1.123115577889447181e+01 1.592652831057398966e-01
1.130653266331658102e+01 1.647588235180372784e-01
1.138190954773869201e+01 1.664628886981517897e-01
1.145728643216080300e+01 1.643599202492626865e-01
1.153266331658291399e+01 1.585176561520911243e-01
1.160804020100502498e+01 1.490869886492421914e-01
1.168341708542713420e+01 1.362979638751417311e-01
1.175879396984924519e+01 1.204540241808739476e-01
1.183417085427135618e+01 1.019246327909777705e-01
1.190954773869346539e+01 8.113645577018424593e-02
1.198492462311557638e+01 5.856330750400474960e-02
1.206030150753768737e+01 3.471509233564072650e-02
1.213567839195979836e+01 1.012599609106919381e-02
1.221105527638190935e+01 1.465780347498780653e-02
1.228643216080401857e+01 3.909062907530120451e-02
1.236180904522612956e+01 6.263971795442349610e-02
1.243718592964824055e+01 8.479727980622664418e-02
1.251256281407034976e+01 1.050919302751787271e-01
1.258793969849246075e+01 1.230992472545962280e-01
1.266331658291457174e+01 1.384512182363114852e-01
1.273869346733668273e+01 1.508443730645349090e-01
1.281407035175879372e+01 1.600464269908401238e-01
1.288944723618090293e+01 1.659012932101525395e-01
1.296482412060301392e+01 1.683323612924923773e-01
1.304020100502512491e+01 1.673439772636731160e-01
1.311557788944723413e+01 1.630211016394422230e-01
1.319095477386934512e+01 1.555271625686237558e-01
1.326633165829145611e+01 1.451001614769031889e-01
1.334170854271356710e+01 1.320471273278145397e-01
1.341708542713567809e+01 1.167370519737270240e-01
1.349246231155778730e+01 9.959247225714187857e-02
1.356783919597989829e+01 8.107989381647878746e-02
1.364321608040200928e+01 6.169927631682124713e-02
1.371859296482411850e+01 4.197281953547633837e-02
1.379396984924622949e+01 2.243330397117405950e-02
1.386934673366834048e+01 3.612248125798181095e-03
1.394472361809045147e+01 1.397185283001493167e-02
1.402010050251256246e+01 2.982494567588670625e-02
1.409547738693467167e+01 4.348824292789544438e-02
1.417085427135678266e+01 5.454821448439812343e-02
1.424623115577889365e+01 6.264552986705085313e-02
1.432160804020100286e+01 6.748275859099739371e-02
1.439698492462311386e+01 6.883066516962238479e-02
1.447236180904522485e+01 6.653296773099197370e-02
1.454773869346733584e+01 6.050946444708597827e-02
1.462311557788944683e+01 5.075746914730557002e-02
1.469849246231155604e+01 3.735153575880944404e-02
1.477386934673366703e+01 2.044148972197543102e-02
1.484924623115577802e+01 2.488224025184514014e-04
1.492462311557788723e+01 2.293845908616574947e-02
1.500000000000000000e+01 4.877240013713200067e-02
