t F
0.000000000000000000e+00 9.999999999999997780e-01
7.537688442211054607e-02 9.943263905586431362e-01
1.507537688442210921e-01 9.774021012718253631e-01
2.261306532663316382e-01 9.495149239633730032e-01
3.015075376884421843e-01 9.111384625827304573e-01
3.768844221105527303e-01 8.629231820982241619e-01
4.522613065326632764e-01 8.056841195655207732e-01
5.276381909547738225e-01 7.403854943452654602e-01
6.030150753768843686e-01 6.681225142108221382e-01
6.783919597989949146e-01 5.901007281113174185e-01
7.537688442211054607e-01 5.076133235914924713e-01
8.291457286432160068e-01 4.220168064042638112e-01
9.045226130653265528e-01 3.347055309196290684e-01
9.798994974874370989e-01 2.470855719338161671e-01
1.055276381909547645e+00 1.605484409901374310e-01
1.130653266331658191e+00 7.644515309645275036e-02
1.206030150753768737e+00 3.938857289433289437e-03
1.281407035175879283e+00 7.940748879916316449e-02
1.356783919597989829e+00 1.488759380017426748e-01
1.432160804020100375e+00 2.113904551576931967e-01
1.507537688442210921e+00 2.661455124391752802e-01
1.582914572864321467e+00 3.124980564532590099e-01
1.658291457286432014e+00 3.499785735241044415e-01
1.733668341708542560e+00 3.782987580524808102e-01
1.809045226130653106e+00 3.973556401793070791e-01
1.884422110552763652e+00 4.072320976568103434e-01
1.959798994974874198e+00 4.081937469461266454e-01
2.035175879396984744e+00 4.006822787554357168e-01
2.110552763819095290e+00 3.853053721483406524e-01
2.185929648241205836e+00 3.628233876532833690e-01
2.261306532663316382e+00 3.341331022071402090e-01
2.336683417085426928e+00 3.002488060611715470e-01
2.412060301507537474e+00 2.622811328554880417e-01
2.487437185929648020e+00 2.214140379400533210e-01
2.562814070351758566e+00 1.788803758362877971e-01
2.638190954773869112e+00 1.359365548001727209e-01
2.713567839195979658e+00 9.383676424131082161e-02
2.788944723618090205e+00 5.380727892837824933e-02
2.864321608040200751e+00 1.702134231176055668e-02
2.939698492462311297e+00 1.542488004973280140e-02
3.015075376884421843e+00 4.253480683921853633e-02
3.090452261306532389e+00 6.343196697783706761e-02
3.165829145728642935e+00 7.737814366103747121e-02
3.241206030150753481e+00 8.378878114673204980e-02
3.316582914572864027e+00 8.224535221812086239e-02
3.391959798994974573e+00 7.250444331774033579e-02
3.467336683417085119e+00 5.450337814090027572e-02
3.542713567839195665e+00 2.836226774995746422e-02
3.618090452261306211e+00 5.617555277868074674e-03
3.693467336683416757e+00 4.695869087302406708e-02
3.768844221105527303e+00 9.501631611695920965e-02
3.844221105527637850e+00 1.489901550848934664e-01
3.919597989949748396e+00 2.079395437920277812e-01
3.994974874371858942e+00 2.708012999230127726e-01
4.070351758793969488e+00 3.364100524182497276e-01
4.145728643216079590e+00 4.035206380606715659e-01
4.221105527638190580e+00 4.708321318823788793e-01
4.296482412060301570e+00 5.370130462736959487e-01
4.371859296482411672e+00 6.007272107475561951e-01
4.447236180904521774e+00 6.606598308344537873e-01
4.522613065326632764e+00 7.155432208197314292e-01
4.597989949748743754e+00 7.641817110594526508e-01
4.673366834170853856e+00 8.054752463078477254e-01
4.748743718592963958e+00 8.384412165553325469e-01
4.824120603015074948e+00 8.622340958267938893e-01
4.899497487437185939e+00 8.761625065687332903e-01
4.974874371859296041e+00 8.797033768448486724e-01
5.050251256281406143e+00 8.725129136033060728e-01
5.125628140703517133e+00 8.544341766906740077e-01
5.201005025125628123e+00 8.255011038787978261e-01
5.276381909547738225e+00 7.859389056722170253e-01
5.351758793969848327e+00 7.361608187492223454e-01
5.427135678391959317e+00 6.767612772026606605e-01
5.502512562814070307e+00 6.085056299260936941e-01
5.577889447236180409e+00 5.323165991977082401e-01
5.653266331658290511e+00 4.492577384572051247e-01
5.728643216080401501e+00 3.605142052312579337e-01
5.804020100502512491e+00 2.673712170191144266e-01
5.879396984924622593e+00 1.711906026975071882e-01
5.954773869346732695e+00 7.338589877729738420e-02
6.030150753768843686e+00 2.460353206888194963e-02
6.105527638190954676e+00 1.213388639317564688e-01
6.180904522613064778e+00 2.154081465050907140e-01
6.256281407035174880e+00 3.054521148136403186e-01
6.331658291457285870e+00 3.901889750791747713e-01
6.407035175879396860e+00 4.684376918152048930e-01
6.482412060301506962e+00 5.391393302625948625e-01
6.557788944723617064e+00 6.013760459181647366e-01
6.633165829145728054e+00 6.543873584381187936e-01
6.708542713567839044e+00 6.975833997357048233e-01
6.783919597989949146e+00 7.305548846208711478e-01
6.859296482412059248e+00 7.530796157153383241e-01
6.934673366834170238e+00 7.651254013923254327e-01
7.010050251256281229e+00 7.668493348384727293e-01
7.085427135678391330e+00 7.585934526736912709e-01
7.160804020100501432e+00 7.408768615309430094e-01
7.236180904522612423e+00 7.143844892377069211e-01
7.311557788944723413e+00 6.799526824331797448e-01
7.386934673366833515e+00 6.385519333379547913e-01
7.462311557788943617e+00 5.912670737877077087e-01
7.537688442211054607e+00 5.392753234769637194e-01
7.613065326633165597e+00 4.838226206884290170e-01
7.688442211055275699e+00 4.261986968078206872e-01
7.763819095477385801e+00 3.677113800049818804e-01
7.839195979899496791e+00 3.096606281336085065e-01
7.914572864321607781e+00 2.533127958810066915e-01
7.989949748743717883e+00 1.998756363902745303e-01
8.065326633165827985e+00 1.504745230742838280e-01
8.140703517587938975e+00 1.061303534256066161e-01
8.216080402010049966e+00 6.773956376314721473e-02
8.291457286432159179e+00 3.605664268226355801e-02
8.366834170854270170e+00 1.167948228881599687e-02
8.442211055276381160e+00 4.962148957093271383e-03
8.517587939698492150e+00 1.361478871394308267e-02
8.592964824120603140e+00 1.420596054612619646e-02
8.668341708542712354e+00 6.845261153931553322e-03
8.743718592964823344e+00 8.178164957466420304e-03
8.819095477386934334e+00 3.040171312152156746e-02
8.894472361809043548e+00 5.919884894336185227e-02
8.969849246231154538e+00 9.379189504510908326e-02
9.045226130653265528e+00 1.332678243097660808e-01
9.120603015075376518e+00 1.765967513189488636e-01
9.195979899497487509e+00 2.226527611677647511e-01
9.271356783919596722e+00 2.702366693251029850e-01
9.346733668341707713e+00 3.181002685718420375e-01
9.422110552763818703e+00 3.649715900225795062e-01
9.497487437185927917e+00 4.095806853815454618e-01
9.572864321608038907e+00 4.506854272854228793e-01
9.648241206030149897e+00 4.870968240451261644e-01
9.723618090452260887e+00 5.177033543262542503e-01
9.798994974874371877e+00 5.414938461257310376e-01
9.874371859296481091e+00 5.575784524463242020e-01
9.949748743718592081e+00 5.652073127985296486e-01
1.002512562814070307e+01 5.637865343598331691e-01
1.010050251256281229e+01 5.528911784294769927e-01
1.017587939698492328e+01 5.322749957292870482e-01
1.025125628140703427e+01 5.018767169967160990e-01
1.032663316582914526e+01 4.618227719771027528e-01
1.040201005025125625e+01 4.124263790573871047e-01
1.047738693467336546e+01 3.541830180543022455e-01
1.055276381909547645e+01 2.877623687155688725e-01
1.062814070351758744e+01 2.139968659562337394e-01
1.070351758793969665e+01 1.338670884079750378e-01
1.077889447236180764e+01 4.848425823740902529e-02
1.085427135678391863e+01 4.092981379899909150e-02
1.092964824120602962e+01 1.330649545356351604e-01
1.100502512562814061e+01 2.265466001376400529e-01
1.108040201005024983e+01 3.199610538033763607e-01
1.115577889447236082e+01 4.118815447978578792e-01
1.123115577889447181e+01 5.008945885216371519e-01
1.130653266331658102e+01 5.856261413303112118e-01
1.138190954773869201e+01 6.647670476215951085e-01
1.145728643216080300e+01 7.370972902269031790e-01
1.153266331658291399e+01 8.015085781214009719e-01
1.160804020100502498e+01 8.570248374557931648e-01
1.168341708542713420e+01 9.028202122964750220e-01
1.175879396984924519e+01 9.382342294562181495e-01
1.183417085427135618e+01 9.627838364767964396e-01
1.190954773869346539e+01 9.761720821296496764e-01
1.198492462311557638e+01 9.782932735637396293e-01
1.206030150753768737e+01 9.692345121977387068e-01
1.213567839195979836e+01 9.492735803113028226e-01
1.221105527638190935e+01 9.188732206851287776e-01
1.228643216080401857e+01 8.786719212097157117e-01
1.236180904522612956e+01 8.294713837814501334e-01
1.243718592964824055e+01 7.722209207278301069e-01
1.251256281407034976e+01 7.079990812139242973e-01
1.258793969849246075e+01 6.379928634341288651e-01
1.266331658291457174e+01 5.634749148544281327e-01
1.273869346733668273e+01 4.857791614418289772e-01
1.281407035175879372e+01 4.062753369516605706e-01
1.288944723618090293e+01 3.263429043571647870e-01
1.296482412060301392e+01 2.473448729932607171e-01
1.304020100502512491e+01 1.706020167262049525e-01
1.311557788944723413e+01 9.736799041999030790e-02
1.319095477386934512e+01 2.880582430576617697e-02
1.326633165829145611e+01 3.403375108503498003e-02
1.334170854271356710e+01 9.023173246686251592e-02
1.341708542713567809e+01 1.390176506380693677e-01
1.349246231155778730e+01 1.797834344102103854e-01
1.356783919597989829e+01 2.120940666441377132e-01
1.364321608040200928e+01 2.356948297446381513e-01
1.371859296482411850e+01 2.505150042139840938e-01
1.379396984924622949e+01 2.566679527419965523e-01
1.386934673366834048e+01 2.544475924814362799e-01
1.394472361809045147e+01 2.443213282633095174e-01
1.402010050251256246e+01 2.269195881885228416e-01
1.409547738693467167e+01 2.030221689599289725e-01
1.417085427135678266e+01 1.735416602145060661e-01
1.424623115577889365e+01 1.395042737805551047e-01
1.432160804020100286e+01 1.020284541211896184e-01
1.439698492462311386e+01 6.230168925835025129e-02
1.447236180904522485e+01 2.155597636702549086e-02
1.454773869346733584e+01 1.895757768828104303e-02
1.462311557788944683e+01 5.799452383906440051e-02
1.469849246231155604e+01 9.434270216385151619e-02
1.477386934673366703e+01 1.268472356088031494e-01
1.484924623115577802e+01 1.544343969718921794e-01
1.492462311557788723e+01 1.761338819238722764e-01
1.500000000000000000e+01 1.910990517841102132e-01
