L S log_S
4.000000000000000000e+00 4.921054708925348686e-01 -7.090622137313711271e-01
6.000000000000000000e+00 4.880528433891773710e-01 -7.173315933578956471e-01
8.000000000000000000e+00 3.463581464097855167e-01 -1.060281934045839369e+00
1.200000000000000000e+01 3.246696574556759418e-01 -1.124947052174342099e+00
1.600000000000000000e+01 2.812348165717497572e-01 -1.268565312443445503e+00
2.400000000000000000e+01 2.125007706362205540e-01 -1.548809664100850414e+00
3.200000000000000000e+01 1.778209965959780536e-01 -1.726977871783546670e+00
4.800000000000000000e+01 9.276897830279998147e-02 -2.377642980606017531e+00
6.400000000000000000e+01 9.241355639659148968e-02 -2.381481596847155657e+00
